    Finished dev [unoptimized + debuginfo] target(s) in 0.00s
     Running `target/debug/dec_10`
[src/main.rs:12] owned = [
    1,
    2,
    3,
    6,
    7,
    8,
    11,
    12,
    13,
    14,
    17,
    18,
    19,
    20,
    21,
    24,
    25,
    26,
    27,
    30,
    31,
    34,
    35,
    36,
    37,
    38,
    41,
    42,
    43,
    46,
    49,
    50,
    53,
    54,
    55,
    56,
    57,
    60,
    63,
    64,
    65,
    66,
    69,
    70,
    71,
    72,
    73,
    76,
    77,
    78,
    79,
    82,
    83,
    84,
    85,
    88,
    91,
    92,
    93,
    94,
    97,
    98,
    99,
    100,
    103,
    106,
    109,
    110,
    111,
    112,
    113,
    116,
    117,
    120,
    121,
    122,
    123,
    124,
    127,
    128,
    129,
    130,
    131,
    134,
    135,
    136,
    137,
    140,
    143,
    144,
    145,
    146,
]
